3.865600000000000000e+04
8.825200000000000000e+04
1.469540000000000000e+05
1.294600000000000000e+05
3.418600000000000000e+04
1.159700000000000000e+04
1.951360000000000000e+05
6.684100000000000000e+04
4.391100000000000000e+04
1.774890000000000000e+05
9.576100000000000000e+04
1.246590000000000000e+05
5.813300000000000000e+04
1.332130000000000000e+05
1.794600000000000000e+05
1.873890000000000000e+05
1.630090000000000000e+05
1.733080000000000000e+05
1.872130000000000000e+05
3.911600000000000000e+04
8.761600000000000000e+04
1.828630000000000000e+05
5.914200000000000000e+04
1.753920000000000000e+05
1.667000000000000000e+03
2.616320000000000000e+05
5.516000000000000000e+04
1.585380000000000000e+05
3.386900000000000000e+04
1.171000000000000000e+05
1.277410000000000000e+05
1.112300000000000000e+04
2.480830000000000000e+05
6.893500000000000000e+04
6.304100000000000000e+04
1.511100000000000000e+04
3.308000000000000000e+04
2.604700000000000000e+04
2.495400000000000000e+05
2.130500000000000000e+05
9.756000000000000000e+03
2.161280000000000000e+05
2.426010000000000000e+05
1.036310000000000000e+05
2.831800000000000000e+04
1.413020000000000000e+05
2.070080000000000000e+05
2.548860000000000000e+05
1.141640000000000000e+05
5.190200000000000000e+04
8.461000000000000000e+03
4.536600000000000000e+04
3.610200000000000000e+04
2.745000000000000000e+04
2.334740000000000000e+05
4.268000000000000000e+03
9.225100000000000000e+04
6.844000000000000000e+03
1.713340000000000000e+05
2.032670000000000000e+05
1.414400000000000000e+04
1.158840000000000000e+05
1.049560000000000000e+05
2.044600000000000000e+04
1.404220000000000000e+05
1.008240000000000000e+05
1.160900000000000000e+05
1.997250000000000000e+05
6.137900000000000000e+04
1.325940000000000000e+05
1.797610000000000000e+05
5.280600000000000000e+04
9.102900000000000000e+04
6.506700000000000000e+04
1.809700000000000000e+05
2.455890000000000000e+05
2.783100000000000000e+04
4.051600000000000000e+04
2.618090000000000000e+05
1.765830000000000000e+05
2.505760000000000000e+05
1.711240000000000000e+05
6.398000000000000000e+04
8.731700000000000000e+04
1.081400000000000000e+04
2.564400000000000000e+04
4.572300000000000000e+04
4.691100000000000000e+04
7.848800000000000000e+04
2.008610000000000000e+05
1.736440000000000000e+05
6.286700000000000000e+04
8.616000000000000000e+04
1.959330000000000000e+05
1.049620000000000000e+05
2.099060000000000000e+05
1.344290000000000000e+05
1.399220000000000000e+05
2.416280000000000000e+05
8.028400000000000000e+04
