2.375660000000000000e+05
2.333210000000000000e+05
2.260100000000000000e+04
1.141520000000000000e+05
1.525020000000000000e+05
1.487280000000000000e+05
2.533160000000000000e+05
1.562570000000000000e+05
4.696800000000000000e+04
1.497770000000000000e+05
1.903150000000000000e+05
1.246190000000000000e+05
1.163910000000000000e+05
1.940340000000000000e+05
1.323590000000000000e+05
8.450600000000000000e+04
2.358480000000000000e+05
1.283580000000000000e+05
9.714000000000000000e+04
1.907730000000000000e+05
1.179630000000000000e+05
3.854400000000000000e+04
2.561100000000000000e+05
1.039290000000000000e+05
1.204640000000000000e+05
4.739800000000000000e+04
1.078020000000000000e+05
1.819930000000000000e+05
1.952200000000000000e+05
1.332410000000000000e+05
1.444040000000000000e+05
1.892390000000000000e+05
9.783500000000000000e+04
1.834980000000000000e+05
5.998800000000000000e+04
1.487010000000000000e+05
1.077500000000000000e+04
8.006300000000000000e+04
2.289370000000000000e+05
4.976800000000000000e+04
1.552150000000000000e+05
1.579000000000000000e+04
6.536200000000000000e+04
1.467770000000000000e+05
7.180800000000000000e+04
5.304000000000000000e+03
6.137000000000000000e+04
1.874700000000000000e+05
2.283300000000000000e+04
2.243880000000000000e+05
1.666760000000000000e+05
1.912380000000000000e+05
2.548670000000000000e+05
2.548990000000000000e+05
2.252100000000000000e+04
1.418180000000000000e+05
1.440670000000000000e+05
1.599180000000000000e+05
2.448000000000000000e+04
1.070710000000000000e+05
9.221700000000000000e+04
1.911900000000000000e+04
1.444810000000000000e+05
6.385400000000000000e+04
2.083040000000000000e+05
5.203700000000000000e+04
1.586900000000000000e+04
1.418240000000000000e+05
8.999900000000000000e+04
4.578600000000000000e+04
4.118100000000000000e+04
1.629970000000000000e+05
2.026180000000000000e+05
1.583220000000000000e+05
6.073200000000000000e+04
1.187270000000000000e+05
2.107550000000000000e+05
2.071200000000000000e+05
1.419750000000000000e+05
3.493900000000000000e+04
1.258890000000000000e+05
3.709900000000000000e+04
2.128290000000000000e+05
7.498700000000000000e+04
4.098800000000000000e+04
1.727230000000000000e+05
4.112700000000000000e+04
1.774330000000000000e+05
7.523000000000000000e+03
2.130280000000000000e+05
1.378790000000000000e+05
8.136900000000000000e+04
5.368500000000000000e+04
2.197950000000000000e+05
2.318420000000000000e+05
2.548970000000000000e+05
6.947400000000000000e+04
1.279630000000000000e+05
3.435900000000000000e+04
4.604100000000000000e+04
4.950600000000000000e+04
6.588800000000000000e+04
1.258150000000000000e+05
9.822600000000000000e+04
2.053770000000000000e+05
4.225600000000000000e+04
2.410310000000000000e+05
1.420090000000000000e+05
1.016080000000000000e+05
2.027500000000000000e+05
2.548260000000000000e+05
6.041300000000000000e+04
2.455690000000000000e+05
2.464110000000000000e+05
6.727400000000000000e+04
2.252300000000000000e+05
6.641000000000000000e+04
1.086260000000000000e+05
1.981500000000000000e+05
1.227670000000000000e+05
2.708000000000000000e+04
2.448510000000000000e+05
1.929220000000000000e+05
2.171800000000000000e+05
2.358830000000000000e+05
1.875680000000000000e+05
1.765600000000000000e+05
1.065420000000000000e+05
2.124950000000000000e+05
2.121900000000000000e+04
1.099450000000000000e+05
1.159910000000000000e+05
1.748900000000000000e+05
1.342520000000000000e+05
1.025570000000000000e+05
1.815020000000000000e+05
9.183300000000000000e+04
2.184030000000000000e+05
7.391800000000000000e+04
3.114800000000000000e+04
1.720950000000000000e+05
1.596300000000000000e+05
1.367270000000000000e+05
2.142970000000000000e+05
2.459360000000000000e+05
3.001400000000000000e+04
2.487330000000000000e+05
1.658550000000000000e+05
4.902500000000000000e+04
7.971200000000000000e+04
2.331380000000000000e+05
2.030110000000000000e+05
1.535810000000000000e+05
1.119240000000000000e+05
4.810000000000000000e+04
3.003000000000000000e+04
1.806410000000000000e+05
1.807720000000000000e+05
2.306100000000000000e+04
2.223770000000000000e+05
6.921000000000000000e+04
4.634000000000000000e+04
2.096120000000000000e+05
1.862490000000000000e+05
1.459800000000000000e+05
2.191200000000000000e+05
2.035840000000000000e+05
5.026600000000000000e+04
7.658000000000000000e+03
1.391000000000000000e+03
5.485000000000000000e+04
1.003690000000000000e+05
1.914900000000000000e+05
1.717880000000000000e+05
1.192820000000000000e+05
2.255170000000000000e+05
1.666670000000000000e+05
9.525000000000000000e+03
2.411140000000000000e+05
1.206010000000000000e+05
8.570000000000000000e+04
5.944400000000000000e+04
3.669800000000000000e+04
1.627260000000000000e+05
1.271350000000000000e+05
2.552370000000000000e+05
3.423200000000000000e+04
1.900070000000000000e+05
7.003300000000000000e+04
3.167000000000000000e+03
2.586200000000000000e+05
1.816250000000000000e+05
2.501360000000000000e+05
2.248260000000000000e+05
1.513290000000000000e+05
1.828980000000000000e+05
8.058300000000000000e+04
1.736270000000000000e+05
1.202430000000000000e+05
1.503220000000000000e+05
4.365400000000000000e+04
1.422500000000000000e+05
1.514330000000000000e+05
8.815700000000000000e+04
1.691700000000000000e+05
7.532500000000000000e+04
2.474170000000000000e+05
1.851090000000000000e+05
2.545270000000000000e+05
2.611570000000000000e+05
2.394620000000000000e+05
1.017720000000000000e+05
2.568400000000000000e+04
2.592420000000000000e+05
1.815740000000000000e+05
1.654410000000000000e+05
2.078930000000000000e+05
5.052800000000000000e+04
3.557700000000000000e+04
2.190980000000000000e+05
1.247200000000000000e+05
1.969090000000000000e+05
6.252800000000000000e+04
3.455000000000000000e+03
9.672000000000000000e+04
1.969400000000000000e+04
4.969400000000000000e+04
8.095800000000000000e+04
1.429730000000000000e+05
3.072000000000000000e+03
2.537170000000000000e+05
2.955100000000000000e+04
2.453950000000000000e+05
1.898620000000000000e+05
1.752160000000000000e+05
2.296890000000000000e+05
1.383580000000000000e+05
1.191790000000000000e+05
6.653300000000000000e+04
1.370660000000000000e+05
1.175660000000000000e+05
1.327800000000000000e+05
1.060200000000000000e+04
2.195100000000000000e+04
2.274700000000000000e+05
1.194690000000000000e+05
9.235300000000000000e+04
6.615600000000000000e+04
2.104620000000000000e+05
2.021150000000000000e+05
2.187490000000000000e+05
6.035900000000000000e+04
9.978800000000000000e+04
8.119600000000000000e+04
2.701500000000000000e+04
6.295500000000000000e+04
2.424590000000000000e+05
1.807890000000000000e+05
9.031400000000000000e+04
1.656770000000000000e+05
1.929960000000000000e+05
2.613280000000000000e+05
1.192340000000000000e+05
1.695040000000000000e+05
1.811290000000000000e+05
2.617400000000000000e+05
4.011500000000000000e+04
1.163190000000000000e+05
1.346020000000000000e+05
1.653440000000000000e+05
1.821920000000000000e+05
1.556470000000000000e+05
1.906450000000000000e+05
4.470300000000000000e+04
1.710250000000000000e+05
1.720530000000000000e+05
8.902000000000000000e+04
1.779950000000000000e+05
9.781000000000000000e+03
6.843900000000000000e+04
2.050740000000000000e+05
5.711900000000000000e+04
3.492400000000000000e+04
1.000070000000000000e+05
1.893640000000000000e+05
1.903400000000000000e+04
3.191600000000000000e+04
5.034700000000000000e+04
1.471970000000000000e+05
4.967800000000000000e+04
2.114490000000000000e+05
1.983400000000000000e+05
1.626970000000000000e+05
3.175800000000000000e+04
1.998510000000000000e+05
1.068940000000000000e+05
1.967590000000000000e+05
7.867300000000000000e+04
1.107050000000000000e+05
1.032410000000000000e+05
1.713300000000000000e+04
8.397200000000000000e+04
2.356960000000000000e+05
1.322950000000000000e+05
2.016800000000000000e+04
3.244000000000000000e+03
1.173290000000000000e+05
9.957000000000000000e+04
2.505940000000000000e+05
2.593980000000000000e+05
1.903310000000000000e+05
1.430040000000000000e+05
1.397570000000000000e+05
1.920700000000000000e+04
1.284000000000000000e+04
1.371350000000000000e+05
3.366300000000000000e+04
3.444000000000000000e+04
1.090440000000000000e+05
2.608200000000000000e+04
1.095240000000000000e+05
7.866200000000000000e+04
8.933200000000000000e+04
1.601930000000000000e+05
1.891250000000000000e+05
2.065010000000000000e+05
3.821000000000000000e+03
1.244050000000000000e+05
1.980810000000000000e+05
4.873800000000000000e+04
1.884430000000000000e+05
1.898460000000000000e+05
3.787400000000000000e+04
1.072510000000000000e+05
4.979800000000000000e+04
1.791440000000000000e+05
1.811090000000000000e+05
1.035420000000000000e+05
5.812700000000000000e+04
2.248080000000000000e+05
1.471270000000000000e+05
1.236100000000000000e+04
6.587000000000000000e+04
1.019370000000000000e+05
1.751770000000000000e+05
1.684820000000000000e+05
1.071390000000000000e+05
2.268870000000000000e+05
2.072250000000000000e+05
6.508000000000000000e+04
8.089400000000000000e+04
2.515300000000000000e+05
3.037200000000000000e+04
1.237350000000000000e+05
2.530910000000000000e+05
2.894000000000000000e+03
1.914940000000000000e+05
8.936000000000000000e+04
2.013510000000000000e+05
1.632820000000000000e+05
2.261130000000000000e+05
1.505540000000000000e+05
1.447920000000000000e+05
1.371420000000000000e+05
2.539000000000000000e+04
4.599100000000000000e+04
1.851380000000000000e+05
6.365700000000000000e+04
1.121040000000000000e+05
2.481680000000000000e+05
1.093320000000000000e+05
2.083860000000000000e+05
1.498170000000000000e+05
1.529150000000000000e+05
6.983900000000000000e+04
1.844060000000000000e+05
1.329130000000000000e+05
8.160800000000000000e+04
2.721000000000000000e+03
2.038660000000000000e+05
2.517680000000000000e+05
2.011190000000000000e+05
1.286660000000000000e+05
1.410100000000000000e+04
7.295600000000000000e+04
1.174330000000000000e+05
1.389050000000000000e+05
1.287390000000000000e+05
2.403340000000000000e+05
1.480640000000000000e+05
3.830000000000000000e+02
1.302370000000000000e+05
2.246380000000000000e+05
1.584740000000000000e+05
1.671900000000000000e+05
7.036000000000000000e+04
1.146370000000000000e+05
9.292400000000000000e+04
2.222500000000000000e+04
3.541000000000000000e+03
9.719900000000000000e+04
1.902140000000000000e+05
6.347700000000000000e+04
1.476050000000000000e+05
1.957290000000000000e+05
1.846780000000000000e+05
2.399150000000000000e+05
2.373370000000000000e+05
1.798050000000000000e+05
3.410000000000000000e+04
7.434100000000000000e+04
9.350400000000000000e+04
9.343300000000000000e+04
1.571370000000000000e+05
2.360860000000000000e+05
1.576580000000000000e+05
2.174000000000000000e+05
7.370300000000000000e+04
2.487200000000000000e+05
6.806400000000000000e+04
2.393540000000000000e+05
2.463160000000000000e+05
1.681270000000000000e+05
1.346290000000000000e+05
3.040500000000000000e+04
1.066030000000000000e+05
1.062200000000000000e+04
1.312210000000000000e+05
2.146950000000000000e+05
1.110930000000000000e+05
1.537530000000000000e+05
9.214900000000000000e+04
2.301680000000000000e+05
7.121300000000000000e+04
2.209400000000000000e+05
5.867300000000000000e+04
2.150340000000000000e+05
1.670410000000000000e+05
2.110880000000000000e+05
1.258670000000000000e+05
8.381800000000000000e+04
9.718600000000000000e+04
2.133700000000000000e+05
4.242800000000000000e+04
2.452030000000000000e+05
1.030880000000000000e+05
1.828770000000000000e+05
1.131050000000000000e+05
4.868100000000000000e+04
2.259550000000000000e+05
6.964200000000000000e+04
1.877840000000000000e+05
3.677300000000000000e+04
2.139290000000000000e+05
2.604780000000000000e+05
1.873500000000000000e+04
2.231870000000000000e+05
7.030000000000000000e+03
2.167010000000000000e+05
1.425320000000000000e+05
2.082200000000000000e+04
2.123850000000000000e+05
5.855000000000000000e+03
1.670930000000000000e+05
5.103000000000000000e+03
4.052700000000000000e+04
2.064000000000000000e+05
4.845400000000000000e+04
1.322280000000000000e+05
4.276200000000000000e+04
1.140020000000000000e+05
1.082270000000000000e+05
6.688000000000000000e+04
1.387750000000000000e+05
2.385110000000000000e+05
7.576400000000000000e+04
2.052050000000000000e+05
8.582300000000000000e+04
6.509500000000000000e+04
8.044100000000000000e+04
5.462400000000000000e+04
2.278430000000000000e+05
1.184610000000000000e+05
1.969940000000000000e+05
2.517400000000000000e+04
1.479640000000000000e+05
2.010690000000000000e+05
1.548780000000000000e+05
5.281400000000000000e+04
1.861060000000000000e+05
2.380420000000000000e+05
9.705800000000000000e+04
1.642580000000000000e+05
8.932300000000000000e+04
2.077000000000000000e+03
1.426030000000000000e+05
1.571970000000000000e+05
9.662500000000000000e+04
1.943050000000000000e+05
1.983000000000000000e+04
1.168530000000000000e+05
5.061200000000000000e+04
1.591430000000000000e+05
1.698590000000000000e+05
1.289600000000000000e+05
1.141780000000000000e+05
2.144950000000000000e+05
3.210100000000000000e+04
1.398750000000000000e+05
3.697400000000000000e+04
2.617940000000000000e+05
3.147400000000000000e+04
1.671730000000000000e+05
2.096280000000000000e+05
7.449800000000000000e+04
2.375810000000000000e+05
2.293500000000000000e+04
4.286900000000000000e+04
1.851320000000000000e+05
1.999470000000000000e+05
2.380090000000000000e+05
9.276100000000000000e+04
9.210000000000000000e+04
1.497560000000000000e+05
2.539660000000000000e+05
1.923770000000000000e+05
3.165300000000000000e+04
8.410400000000000000e+04
3.510000000000000000e+02
1.675200000000000000e+04
2.163060000000000000e+05
1.888150000000000000e+05
2.003240000000000000e+05
2.143520000000000000e+05
1.021220000000000000e+05
2.362240000000000000e+05
9.581700000000000000e+04
9.584100000000000000e+04
2.147840000000000000e+05
1.840320000000000000e+05
5.887800000000000000e+04
9.092400000000000000e+04
2.372300000000000000e+04
1.215000000000000000e+04
1.682550000000000000e+05
1.576370000000000000e+05
1.117100000000000000e+05
2.902500000000000000e+04
2.308140000000000000e+05
1.054740000000000000e+05
9.190700000000000000e+04
1.951800000000000000e+04
7.453500000000000000e+04
2.336200000000000000e+05
2.043280000000000000e+05
2.579760000000000000e+05
9.349200000000000000e+04
1.074300000000000000e+05
2.005010000000000000e+05
1.179270000000000000e+05
6.230900000000000000e+04
4.690800000000000000e+04
9.905300000000000000e+04
2.263090000000000000e+05
2.509370000000000000e+05
2.150920000000000000e+05
8.261500000000000000e+04
1.582000000000000000e+04
3.325100000000000000e+04
1.289940000000000000e+05
1.606240000000000000e+05
2.135350000000000000e+05
1.672330000000000000e+05
2.478380000000000000e+05
2.027790000000000000e+05
1.055580000000000000e+05
2.012560000000000000e+05
2.188020000000000000e+05
7.060900000000000000e+04
2.266600000000000000e+05
1.306940000000000000e+05
5.053500000000000000e+04
9.266500000000000000e+04
1.198910000000000000e+05
2.091970000000000000e+05
4.600900000000000000e+04
8.503000000000000000e+04
2.073070000000000000e+05
2.260620000000000000e+05
9.051600000000000000e+04
3.668300000000000000e+04
2.360880000000000000e+05
6.777300000000000000e+04
1.076830000000000000e+05
6.706800000000000000e+04
1.634150000000000000e+05
1.262820000000000000e+05
1.299360000000000000e+05
6.710600000000000000e+04
1.450050000000000000e+05
1.987640000000000000e+05
1.488700000000000000e+04
1.012570000000000000e+05
5.781400000000000000e+04
1.941620000000000000e+05
1.741240000000000000e+05
1.095000000000000000e+04
1.040220000000000000e+05
1.930410000000000000e+05
5.016300000000000000e+04
1.300300000000000000e+05
3.814000000000000000e+03
5.463900000000000000e+04
1.222110000000000000e+05
8.466200000000000000e+04
2.560390000000000000e+05
5.294200000000000000e+04
1.410230000000000000e+05
8.105900000000000000e+04
3.006000000000000000e+03
1.963130000000000000e+05
2.518430000000000000e+05
2.027590000000000000e+05
1.070140000000000000e+05
2.643200000000000000e+04
2.220760000000000000e+05
4.362000000000000000e+04
2.163590000000000000e+05
1.952800000000000000e+05
8.044100000000000000e+04
7.275700000000000000e+04
5.476300000000000000e+04
1.797250000000000000e+05
2.009200000000000000e+04
2.514240000000000000e+05
2.082490000000000000e+05
1.583480000000000000e+05
2.280600000000000000e+04
9.591000000000000000e+04
1.625460000000000000e+05
2.321800000000000000e+04
4.918100000000000000e+04
1.395280000000000000e+05
1.043150000000000000e+05
1.230240000000000000e+05
2.490690000000000000e+05
1.785830000000000000e+05
1.679770000000000000e+05
1.371490000000000000e+05
1.102760000000000000e+05
1.693360000000000000e+05
2.198490000000000000e+05
2.296900000000000000e+04
1.186440000000000000e+05
9.299200000000000000e+04
4.221500000000000000e+04
2.277160000000000000e+05
1.362430000000000000e+05
1.577040000000000000e+05
1.114240000000000000e+05
1.266500000000000000e+05
3.667000000000000000e+03
3.818500000000000000e+04
8.101600000000000000e+04
9.347300000000000000e+04
1.892320000000000000e+05
7.262900000000000000e+04
2.279000000000000000e+03
5.932000000000000000e+04
2.461380000000000000e+05
5.231100000000000000e+04
2.447020000000000000e+05
2.568760000000000000e+05
6.841600000000000000e+04
1.781480000000000000e+05
1.108500000000000000e+05
3.869000000000000000e+04
2.424340000000000000e+05
1.904560000000000000e+05
1.792640000000000000e+05
2.063640000000000000e+05
1.736840000000000000e+05
9.843300000000000000e+04
1.644270000000000000e+05
1.526180000000000000e+05
2.342100000000000000e+05
1.114230000000000000e+05
1.332140000000000000e+05
2.596850000000000000e+05
6.823300000000000000e+04
6.799100000000000000e+04
2.344830000000000000e+05
8.705800000000000000e+04
4.878700000000000000e+04
1.378960000000000000e+05
1.631390000000000000e+05
2.559720000000000000e+05
3.377100000000000000e+04
2.227040000000000000e+05
5.526300000000000000e+04
1.206270000000000000e+05
1.194770000000000000e+05
4.602700000000000000e+04
2.515750000000000000e+05
4.444600000000000000e+04
2.437240000000000000e+05
1.925080000000000000e+05
2.253850000000000000e+05
8.455900000000000000e+04
1.835480000000000000e+05
1.139080000000000000e+05
1.032450000000000000e+05
6.638900000000000000e+04
8.305800000000000000e+04
7.144200000000000000e+04
4.220000000000000000e+03
1.005080000000000000e+05
1.724360000000000000e+05
2.512150000000000000e+05
2.279390000000000000e+05
1.842770000000000000e+05
2.039050000000000000e+05
2.488620000000000000e+05
1.185100000000000000e+05
8.316100000000000000e+04
1.180640000000000000e+05
1.726410000000000000e+05
1.061280000000000000e+05
1.494200000000000000e+04
9.129900000000000000e+04
1.740920000000000000e+05
5.010900000000000000e+04
2.549500000000000000e+05
8.146500000000000000e+04
2.557500000000000000e+05
2.207140000000000000e+05
1.710260000000000000e+05
1.142330000000000000e+05
1.527550000000000000e+05
3.547200000000000000e+04
2.470310000000000000e+05
7.023600000000000000e+04
1.856000000000000000e+04
1.295720000000000000e+05
3.510800000000000000e+04
1.557610000000000000e+05
5.032100000000000000e+04
9.555100000000000000e+04
1.727470000000000000e+05
9.484600000000000000e+04
1.469970000000000000e+05
8.110100000000000000e+04
1.098650000000000000e+05
2.120300000000000000e+04
2.464360000000000000e+05
4.378000000000000000e+03
4.787200000000000000e+04
2.449890000000000000e+05
2.572230000000000000e+05
7.365800000000000000e+04
2.096190000000000000e+05
2.062720000000000000e+05
6.660000000000000000e+04
1.968100000000000000e+04
1.644680000000000000e+05
1.353900000000000000e+04
3.371300000000000000e+04
1.804340000000000000e+05
6.331300000000000000e+04
3.375400000000000000e+04
1.414330000000000000e+05
1.348120000000000000e+05
1.371700000000000000e+05
2.569710000000000000e+05
4.077600000000000000e+04
1.825180000000000000e+05
1.449120000000000000e+05
4.759500000000000000e+04
1.638630000000000000e+05
2.343540000000000000e+05
2.030900000000000000e+04
1.828050000000000000e+05
1.794860000000000000e+05
1.387070000000000000e+05
1.791220000000000000e+05
1.420040000000000000e+05
4.341900000000000000e+04
7.821000000000000000e+04
2.444430000000000000e+05
1.778000000000000000e+03
1.926180000000000000e+05
3.886700000000000000e+04
1.717860000000000000e+05
1.775060000000000000e+05
6.649500000000000000e+04
1.111900000000000000e+04
2.176520000000000000e+05
2.054020000000000000e+05
1.105280000000000000e+05
2.305400000000000000e+04
2.731100000000000000e+04
1.784600000000000000e+05
1.940030000000000000e+05
1.320700000000000000e+04
1.827730000000000000e+05
2.381590000000000000e+05
6.665800000000000000e+04
5.006400000000000000e+04
1.313860000000000000e+05
2.203300000000000000e+05
1.523000000000000000e+05
4.768300000000000000e+04
2.696600000000000000e+04
4.553800000000000000e+04
2.416820000000000000e+05
7.875000000000000000e+04
1.242400000000000000e+04
2.050240000000000000e+05
1.249010000000000000e+05
2.592800000000000000e+04
2.451080000000000000e+05
7.673500000000000000e+04
1.442850000000000000e+05
9.375700000000000000e+04
2.242510000000000000e+05
1.691210000000000000e+05
1.475880000000000000e+05
8.337400000000000000e+04
1.752280000000000000e+05
1.130410000000000000e+05
2.473500000000000000e+04
6.140600000000000000e+04
3.937900000000000000e+04
2.182890000000000000e+05
1.181870000000000000e+05
2.422700000000000000e+04
1.562100000000000000e+05
5.153200000000000000e+04
1.691540000000000000e+05
1.111470000000000000e+05
1.943740000000000000e+05
2.964300000000000000e+04
2.367130000000000000e+05
1.941240000000000000e+05
1.592940000000000000e+05
2.249760000000000000e+05
1.134710000000000000e+05
1.236200000000000000e+05
2.425080000000000000e+05
1.910100000000000000e+04
2.146420000000000000e+05
3.529500000000000000e+04
1.172680000000000000e+05
2.516870000000000000e+05
5.548700000000000000e+04
3.137600000000000000e+04
1.300710000000000000e+05
1.121180000000000000e+05
2.508950000000000000e+05
1.536080000000000000e+05
1.601280000000000000e+05
1.730110000000000000e+05
1.800050000000000000e+05
1.919320000000000000e+05
1.581210000000000000e+05
1.638810000000000000e+05
2.264480000000000000e+05
2.459150000000000000e+05
1.863040000000000000e+05
2.372390000000000000e+05
5.066300000000000000e+04
9.542400000000000000e+04
3.957600000000000000e+04
1.395480000000000000e+05
1.964310000000000000e+05
3.207100000000000000e+04
5.091200000000000000e+04
5.075800000000000000e+04
2.373370000000000000e+05
7.146700000000000000e+04
8.487200000000000000e+04
2.560490000000000000e+05
1.154200000000000000e+05
1.755090000000000000e+05
6.990800000000000000e+04
1.361590000000000000e+05
2.971500000000000000e+04
1.249560000000000000e+05
1.237500000000000000e+05
1.810690000000000000e+05
1.495400000000000000e+05
6.617000000000000000e+03
1.958590000000000000e+05
6.213500000000000000e+04
2.475300000000000000e+04
1.945540000000000000e+05
2.315600000000000000e+04
7.981300000000000000e+04
1.987470000000000000e+05
8.668400000000000000e+04
1.560560000000000000e+05
5.183300000000000000e+04
5.459300000000000000e+04
1.868000000000000000e+05
2.197700000000000000e+05
1.903740000000000000e+05
2.300290000000000000e+05
2.887600000000000000e+04
2.049150000000000000e+05
5.420900000000000000e+04
4.368000000000000000e+04
2.169410000000000000e+05
7.080300000000000000e+04
1.185290000000000000e+05
2.262400000000000000e+04
2.699500000000000000e+04
2.192700000000000000e+04
1.804010000000000000e+05
1.260870000000000000e+05
4.521500000000000000e+04
1.845010000000000000e+05
1.847160000000000000e+05
2.455850000000000000e+05
1.819510000000000000e+05
2.334650000000000000e+05
4.965000000000000000e+04
6.099500000000000000e+04
8.532000000000000000e+04
1.657200000000000000e+05
9.105000000000000000e+03
1.959120000000000000e+05
1.137910000000000000e+05
1.364760000000000000e+05
1.836170000000000000e+05
2.118320000000000000e+05
1.909460000000000000e+05
1.889380000000000000e+05
1.303000000000000000e+03
4.939700000000000000e+04
1.132190000000000000e+05
2.638700000000000000e+04
1.130200000000000000e+05
1.195160000000000000e+05
9.844500000000000000e+04
1.870650000000000000e+05
6.200800000000000000e+04
5.941500000000000000e+04
2.617650000000000000e+05
3.238900000000000000e+04
2.153830000000000000e+05
2.512900000000000000e+05
2.180580000000000000e+05
6.297100000000000000e+04
2.588000000000000000e+05
1.027180000000000000e+05
5.801000000000000000e+04
1.597760000000000000e+05
6.300400000000000000e+04
8.549600000000000000e+04
7.981000000000000000e+04
9.464100000000000000e+04
1.470520000000000000e+05
9.899100000000000000e+04
2.425260000000000000e+05
1.005790000000000000e+05
2.561790000000000000e+05
3.768400000000000000e+04
8.672000000000000000e+04
1.044130000000000000e+05
1.205750000000000000e+05
1.823100000000000000e+04
1.645960000000000000e+05
1.231050000000000000e+05
1.168250000000000000e+05
1.996710000000000000e+05
1.298590000000000000e+05
1.981700000000000000e+04
1.036310000000000000e+05
2.044200000000000000e+04
1.649280000000000000e+05
2.076840000000000000e+05
1.499800000000000000e+04
1.981340000000000000e+05
3.142500000000000000e+04
4.578100000000000000e+04
7.182000000000000000e+04
1.488300000000000000e+05
2.610370000000000000e+05
2.478530000000000000e+05
9.363700000000000000e+04
5.426700000000000000e+04
2.065110000000000000e+05
9.883500000000000000e+04
3.920000000000000000e+03
1.219200000000000000e+04
1.112050000000000000e+05
8.533100000000000000e+04
1.609070000000000000e+05
1.648630000000000000e+05
1.867600000000000000e+05
