8.090800000000000000e+04
4.842900000000000000e+04
4.346500000000000000e+04
2.261100000000000000e+04
8.720100000000000000e+04
9.612000000000000000e+04
3.375000000000000000e+03
1.003870000000000000e+05
1.853730000000000000e+05
1.653830000000000000e+05
5.278800000000000000e+04
1.789130000000000000e+05
7.780000000000000000e+02
1.781970000000000000e+05
9.650400000000000000e+04
5.462000000000000000e+03
2.245060000000000000e+05
1.914920000000000000e+05
4.916000000000000000e+03
3.794800000000000000e+04
1.740220000000000000e+05
2.573690000000000000e+05
2.200300000000000000e+04
7.569500000000000000e+04
1.124230000000000000e+05
1.098270000000000000e+05
2.584740000000000000e+05
1.595270000000000000e+05
6.742400000000000000e+04
1.641800000000000000e+04
3.531700000000000000e+04
1.392090000000000000e+05
3.294800000000000000e+04
2.323120000000000000e+05
2.248240000000000000e+05
1.468280000000000000e+05
9.272700000000000000e+04
1.215130000000000000e+05
1.511770000000000000e+05
1.064630000000000000e+05
1.054180000000000000e+05
1.175060000000000000e+05
2.233500000000000000e+04
2.156140000000000000e+05
1.691800000000000000e+04
8.612500000000000000e+04
2.022840000000000000e+05
9.908600000000000000e+04
1.515630000000000000e+05
2.529000000000000000e+04
1.843380000000000000e+05
1.199820000000000000e+05
1.236100000000000000e+04
2.092590000000000000e+05
1.561000000000000000e+04
1.664050000000000000e+05
1.265410000000000000e+05
2.194930000000000000e+05
2.385000000000000000e+03
1.057440000000000000e+05
1.138110000000000000e+05
1.337230000000000000e+05
1.759600000000000000e+04
1.414300000000000000e+05
1.198920000000000000e+05
1.640030000000000000e+05
1.588500000000000000e+04
2.399820000000000000e+05
9.056100000000000000e+04
2.243630000000000000e+05
9.350500000000000000e+04
1.263700000000000000e+04
1.245900000000000000e+05
4.833600000000000000e+04
6.244400000000000000e+04
1.221260000000000000e+05
1.838200000000000000e+05
1.554000000000000000e+03
1.324700000000000000e+05
8.209200000000000000e+04
3.808900000000000000e+04
7.182100000000000000e+04
6.527400000000000000e+04
7.375100000000000000e+04
1.668410000000000000e+05
6.827000000000000000e+04
7.365700000000000000e+04
1.756800000000000000e+05
2.069260000000000000e+05
1.652200000000000000e+05
2.012980000000000000e+05
6.474700000000000000e+04
2.563300000000000000e+05
5.157300000000000000e+04
1.168500000000000000e+05
1.360890000000000000e+05
1.609660000000000000e+05
2.110990000000000000e+05
7.645800000000000000e+04
4.677500000000000000e+04
2.320930000000000000e+05
9.106800000000000000e+04
7.098300000000000000e+04
1.639770000000000000e+05
2.413090000000000000e+05
2.436150000000000000e+05
1.818190000000000000e+05
6.110700000000000000e+04
5.649400000000000000e+04
2.481680000000000000e+05
1.129530000000000000e+05
5.850800000000000000e+04
3.514600000000000000e+04
2.332600000000000000e+05
1.006570000000000000e+05
1.449220000000000000e+05
2.301280000000000000e+05
4.122000000000000000e+04
5.180000000000000000e+02
2.369730000000000000e+05
9.711000000000000000e+03
2.017410000000000000e+05
1.132180000000000000e+05
1.741730000000000000e+05
3.721300000000000000e+04
1.500360000000000000e+05
1.091890000000000000e+05
7.502400000000000000e+04
2.341110000000000000e+05
4.308400000000000000e+04
1.353500000000000000e+04
1.997600000000000000e+04
2.104790000000000000e+05
1.427100000000000000e+05
4.584200000000000000e+04
1.593120000000000000e+05
1.774020000000000000e+05
1.912140000000000000e+05
2.021840000000000000e+05
1.619050000000000000e+05
5.985600000000000000e+04
4.333000000000000000e+03
8.122100000000000000e+04
1.786020000000000000e+05
2.302200000000000000e+04
1.884140000000000000e+05
1.156090000000000000e+05
1.986030000000000000e+05
9.344400000000000000e+04
1.367680000000000000e+05
1.599340000000000000e+05
1.050800000000000000e+05
9.758100000000000000e+04
1.071790000000000000e+05
2.109530000000000000e+05
5.043000000000000000e+04
9.094700000000000000e+04
2.686100000000000000e+04
5.744700000000000000e+04
7.280000000000000000e+04
6.779600000000000000e+04
1.420700000000000000e+04
4.600000000000000000e+03
1.585800000000000000e+05
9.104400000000000000e+04
2.995500000000000000e+04
1.925960000000000000e+05
2.223050000000000000e+05
2.352530000000000000e+05
3.965300000000000000e+04
4.433500000000000000e+04
1.578510000000000000e+05
2.226700000000000000e+05
1.799940000000000000e+05
1.287370000000000000e+05
2.357300000000000000e+05
6.256100000000000000e+04
1.435540000000000000e+05
1.986230000000000000e+05
1.258500000000000000e+04
3.462900000000000000e+04
1.630780000000000000e+05
1.931480000000000000e+05
1.075900000000000000e+04
2.179430000000000000e+05
1.930730000000000000e+05
5.305800000000000000e+04
2.235200000000000000e+05
1.271420000000000000e+05
7.346300000000000000e+04
1.461530000000000000e+05
2.018880000000000000e+05
1.294950000000000000e+05
2.417490000000000000e+05
2.195460000000000000e+05
9.439700000000000000e+04
4.274900000000000000e+04
2.084720000000000000e+05
1.380300000000000000e+04
7.466400000000000000e+04
3.706000000000000000e+04
6.913500000000000000e+04
2.482600000000000000e+04
2.527820000000000000e+05
1.961440000000000000e+05
7.795600000000000000e+04
2.568750000000000000e+05
6.301200000000000000e+04
1.315300000000000000e+05
1.806100000000000000e+05
1.836030000000000000e+05
1.506850000000000000e+05
1.980690000000000000e+05
1.295900000000000000e+04
2.530170000000000000e+05
6.277900000000000000e+04
1.457060000000000000e+05
1.451900000000000000e+05
1.576900000000000000e+04
1.258430000000000000e+05
1.810710000000000000e+05
1.452860000000000000e+05
1.536980000000000000e+05
2.590430000000000000e+05
1.437820000000000000e+05
2.147170000000000000e+05
1.394190000000000000e+05
3.968900000000000000e+04
2.032690000000000000e+05
8.660400000000000000e+04
9.264000000000000000e+03
2.039430000000000000e+05
8.711000000000000000e+03
2.093150000000000000e+05
1.478500000000000000e+04
2.060860000000000000e+05
2.080090000000000000e+05
7.132600000000000000e+04
2.261850000000000000e+05
2.053790000000000000e+05
1.139600000000000000e+04
1.278690000000000000e+05
9.518100000000000000e+04
2.137270000000000000e+05
2.395090000000000000e+05
4.999400000000000000e+04
6.387000000000000000e+03
2.600810000000000000e+05
2.248790000000000000e+05
2.068530000000000000e+05
7.931600000000000000e+04
3.343500000000000000e+04
2.315900000000000000e+04
1.327300000000000000e+05
2.461720000000000000e+05
1.997060000000000000e+05
4.297100000000000000e+04
2.000970000000000000e+05
7.904900000000000000e+04
7.813000000000000000e+03
4.524300000000000000e+04
5.886000000000000000e+04
1.823600000000000000e+05
2.454800000000000000e+05
1.777310000000000000e+05
2.227000000000000000e+03
2.304630000000000000e+05
9.774000000000000000e+03
1.492260000000000000e+05
2.111720000000000000e+05
1.325070000000000000e+05
4.823700000000000000e+04
1.162800000000000000e+04
1.264440000000000000e+05
2.538380000000000000e+05
1.459320000000000000e+05
1.223040000000000000e+05
1.465380000000000000e+05
1.434880000000000000e+05
2.153200000000000000e+04
3.044600000000000000e+04
2.307950000000000000e+05
1.264270000000000000e+05
2.113210000000000000e+05
1.391200000000000000e+04
1.440620000000000000e+05
7.100900000000000000e+04
4.991400000000000000e+04
7.239300000000000000e+04
1.912220000000000000e+05
1.987220000000000000e+05
8.577300000000000000e+04
7.578200000000000000e+04
1.237170000000000000e+05
2.069070000000000000e+05
5.686700000000000000e+04
1.456980000000000000e+05
9.460300000000000000e+04
2.038360000000000000e+05
2.495000000000000000e+03
2.416120000000000000e+05
1.571330000000000000e+05
1.938250000000000000e+05
1.171170000000000000e+05
1.395220000000000000e+05
1.764590000000000000e+05
2.171630000000000000e+05
1.730910000000000000e+05
1.381650000000000000e+05
3.547000000000000000e+04
1.656820000000000000e+05
9.087000000000000000e+04
1.784260000000000000e+05
3.642100000000000000e+04
2.013300000000000000e+04
1.020990000000000000e+05
7.165400000000000000e+04
2.203410000000000000e+05
6.441700000000000000e+04
2.050760000000000000e+05
5.794200000000000000e+04
1.428110000000000000e+05
7.868000000000000000e+04
6.418000000000000000e+03
1.572590000000000000e+05
2.386290000000000000e+05
1.416260000000000000e+05
3.285000000000000000e+03
4.971100000000000000e+04
2.200070000000000000e+05
1.224360000000000000e+05
4.604100000000000000e+04
8.258200000000000000e+04
1.833000000000000000e+03
5.641500000000000000e+04
1.916200000000000000e+04
2.767300000000000000e+04
4.135700000000000000e+04
1.116870000000000000e+05
1.052960000000000000e+05
1.254200000000000000e+04
8.761300000000000000e+04
2.109980000000000000e+05
1.423400000000000000e+04
1.081190000000000000e+05
2.099790000000000000e+05
2.425150000000000000e+05
1.108660000000000000e+05
1.410650000000000000e+05
8.487000000000000000e+03
8.092400000000000000e+04
9.307600000000000000e+04
2.424210000000000000e+05
1.407760000000000000e+05
2.758000000000000000e+03
1.441750000000000000e+05
2.398990000000000000e+05
1.669790000000000000e+05
2.045620000000000000e+05
3.952000000000000000e+03
1.754550000000000000e+05
1.631000000000000000e+03
2.432380000000000000e+05
8.302400000000000000e+04
5.998300000000000000e+04
6.150300000000000000e+04
1.443790000000000000e+05
1.542990000000000000e+05
7.555600000000000000e+04
2.615700000000000000e+05
4.777100000000000000e+04
3.686200000000000000e+04
4.341800000000000000e+04
9.821400000000000000e+04
7.063500000000000000e+04
5.834000000000000000e+04
1.865880000000000000e+05
2.121550000000000000e+05
9.106800000000000000e+04
2.146740000000000000e+05
1.506950000000000000e+05
1.596770000000000000e+05
2.730700000000000000e+04
1.339710000000000000e+05
1.766870000000000000e+05
7.593900000000000000e+04
5.078500000000000000e+04
2.216100000000000000e+05
1.659650000000000000e+05
3.601200000000000000e+04
9.895700000000000000e+04
1.757450000000000000e+05
1.416590000000000000e+05
6.439300000000000000e+04
1.752830000000000000e+05
1.581350000000000000e+05
1.442240000000000000e+05
8.022600000000000000e+04
2.380270000000000000e+05
3.528000000000000000e+03
7.829900000000000000e+04
1.392510000000000000e+05
1.359450000000000000e+05
2.458140000000000000e+05
2.555620000000000000e+05
3.334800000000000000e+04
1.167390000000000000e+05
1.895920000000000000e+05
1.439750000000000000e+05
1.561580000000000000e+05
1.030000000000000000e+04
1.378580000000000000e+05
1.427170000000000000e+05
2.112000000000000000e+05
2.539500000000000000e+05
3.073000000000000000e+04
1.123700000000000000e+04
2.118550000000000000e+05
2.855000000000000000e+03
7.551000000000000000e+03
4.841700000000000000e+04
1.738310000000000000e+05
7.206300000000000000e+04
2.202410000000000000e+05
3.276100000000000000e+04
7.732400000000000000e+04
2.320000000000000000e+05
1.122300000000000000e+04
1.602800000000000000e+05
1.602650000000000000e+05
7.804900000000000000e+04
1.571530000000000000e+05
1.394730000000000000e+05
1.066400000000000000e+04
2.120490000000000000e+05
2.431990000000000000e+05
5.401300000000000000e+04
6.911300000000000000e+04
5.244000000000000000e+04
1.811600000000000000e+04
6.252000000000000000e+04
1.403920000000000000e+05
1.353240000000000000e+05
2.347180000000000000e+05
1.138700000000000000e+04
2.314670000000000000e+05
1.295460000000000000e+05
3.046200000000000000e+04
1.233170000000000000e+05
2.415220000000000000e+05
1.806970000000000000e+05
1.566130000000000000e+05
4.570900000000000000e+04
1.198560000000000000e+05
6.806100000000000000e+04
8.111000000000000000e+04
2.006560000000000000e+05
1.345720000000000000e+05
2.152650000000000000e+05
9.022300000000000000e+04
7.229100000000000000e+04
2.703000000000000000e+04
1.119000000000000000e+03
7.129200000000000000e+04
5.669400000000000000e+04
1.414370000000000000e+05
2.075810000000000000e+05
6.076000000000000000e+04
1.609160000000000000e+05
1.300000000000000000e+03
1.990180000000000000e+05
1.102330000000000000e+05
1.733330000000000000e+05
5.595000000000000000e+04
2.125210000000000000e+05
7.697900000000000000e+04
4.710500000000000000e+04
1.871800000000000000e+04
1.182000000000000000e+05
1.946780000000000000e+05
1.674860000000000000e+05
2.305120000000000000e+05
1.534460000000000000e+05
2.564100000000000000e+04
1.174000000000000000e+03
1.056400000000000000e+04
9.414000000000000000e+03
1.367960000000000000e+05
7.604000000000000000e+03
1.993290000000000000e+05
2.491590000000000000e+05
8.089800000000000000e+04
2.530540000000000000e+05
3.865300000000000000e+04
5.894500000000000000e+04
8.928900000000000000e+04
1.320450000000000000e+05
2.583830000000000000e+05
2.212610000000000000e+05
2.427900000000000000e+05
1.519690000000000000e+05
2.322320000000000000e+05
1.673400000000000000e+04
1.081030000000000000e+05
6.413900000000000000e+04
1.696620000000000000e+05
1.416800000000000000e+04
1.416530000000000000e+05
2.901100000000000000e+04
7.852800000000000000e+04
4.394600000000000000e+04
2.866000000000000000e+03
9.330700000000000000e+04
1.014590000000000000e+05
1.092740000000000000e+05
2.017990000000000000e+05
1.284410000000000000e+05
2.382220000000000000e+05
4.241100000000000000e+04
5.803100000000000000e+04
1.296340000000000000e+05
2.428510000000000000e+05
2.549200000000000000e+04
2.085400000000000000e+05
1.579900000000000000e+05
4.924000000000000000e+04
2.263000000000000000e+03
5.473600000000000000e+04
2.002860000000000000e+05
1.090590000000000000e+05
1.829320000000000000e+05
9.067800000000000000e+04
9.200000000000000000e+01
1.568690000000000000e+05
2.221530000000000000e+05
2.032640000000000000e+05
7.179800000000000000e+04
1.232270000000000000e+05
9.216000000000000000e+03
8.358600000000000000e+04
1.225890000000000000e+05
1.139590000000000000e+05
9.889000000000000000e+03
1.612840000000000000e+05
2.460920000000000000e+05
2.488090000000000000e+05
4.330000000000000000e+02
2.921700000000000000e+04
1.901000000000000000e+04
1.467580000000000000e+05
2.011520000000000000e+05
2.512870000000000000e+05
1.701000000000000000e+03
1.077080000000000000e+05
2.328180000000000000e+05
3.708800000000000000e+04
2.125120000000000000e+05
1.804070000000000000e+05
4.061100000000000000e+04
1.312270000000000000e+05
2.511720000000000000e+05
1.130680000000000000e+05
1.757850000000000000e+05
9.900600000000000000e+04
2.357780000000000000e+05
9.055700000000000000e+04
1.827690000000000000e+05
2.597970000000000000e+05
1.772120000000000000e+05
1.193430000000000000e+05
1.146800000000000000e+04
1.434140000000000000e+05
2.617740000000000000e+05
1.470170000000000000e+05
1.408400000000000000e+04
2.448580000000000000e+05
4.357700000000000000e+04
1.146410000000000000e+05
2.471690000000000000e+05
2.818200000000000000e+04
2.175130000000000000e+05
1.357130000000000000e+05
1.529120000000000000e+05
1.734860000000000000e+05
1.337630000000000000e+05
1.475170000000000000e+05
2.065200000000000000e+05
8.186400000000000000e+04
4.874000000000000000e+03
4.673400000000000000e+04
1.763490000000000000e+05
3.786400000000000000e+04
2.615080000000000000e+05
2.611100000000000000e+04
1.101770000000000000e+05
2.515170000000000000e+05
1.640790000000000000e+05
1.998090000000000000e+05
2.305850000000000000e+05
7.774300000000000000e+04
8.105500000000000000e+04
2.471200000000000000e+05
1.250900000000000000e+04
2.143770000000000000e+05
3.813300000000000000e+04
2.482730000000000000e+05
1.519690000000000000e+05
6.765400000000000000e+04
1.315200000000000000e+05
6.530800000000000000e+04
4.625300000000000000e+04
2.377390000000000000e+05
1.643420000000000000e+05
1.599360000000000000e+05
6.260400000000000000e+04
2.297810000000000000e+05
4.684900000000000000e+04
2.440190000000000000e+05
1.262000000000000000e+04
1.746270000000000000e+05
2.078450000000000000e+05
1.156380000000000000e+05
5.989500000000000000e+04
2.406690000000000000e+05
1.345270000000000000e+05
2.567200000000000000e+04
1.398450000000000000e+05
2.152070000000000000e+05
1.370700000000000000e+05
5.273400000000000000e+04
1.397810000000000000e+05
9.356200000000000000e+04
2.105910000000000000e+05
1.294520000000000000e+05
9.853700000000000000e+04
1.550900000000000000e+04
7.244200000000000000e+04
1.496550000000000000e+05
3.034900000000000000e+04
2.432210000000000000e+05
2.055680000000000000e+05
1.154030000000000000e+05
1.888320000000000000e+05
2.388180000000000000e+05
3.182000000000000000e+03
2.051380000000000000e+05
1.058700000000000000e+05
1.048300000000000000e+05
1.300670000000000000e+05
2.035840000000000000e+05
1.312420000000000000e+05
6.526000000000000000e+03
8.114900000000000000e+04
1.787980000000000000e+05
1.478510000000000000e+05
1.473100000000000000e+05
1.500650000000000000e+05
2.280930000000000000e+05
2.433240000000000000e+05
1.791150000000000000e+05
2.584730000000000000e+05
2.327100000000000000e+05
3.545700000000000000e+04
2.421940000000000000e+05
3.784700000000000000e+04
1.285860000000000000e+05
2.195880000000000000e+05
2.246720000000000000e+05
1.486160000000000000e+05
1.960430000000000000e+05
1.044590000000000000e+05
2.602230000000000000e+05
6.749500000000000000e+04
7.846900000000000000e+04
3.479300000000000000e+04
2.354050000000000000e+05
2.616900000000000000e+05
4.243700000000000000e+04
1.767360000000000000e+05
1.363070000000000000e+05
2.832200000000000000e+04
8.420600000000000000e+04
1.707000000000000000e+03
1.261300000000000000e+04
1.128660000000000000e+05
1.663990000000000000e+05
2.459120000000000000e+05
1.378900000000000000e+04
1.660380000000000000e+05
1.246500000000000000e+05
2.119330000000000000e+05
9.019000000000000000e+04
1.313320000000000000e+05
1.390920000000000000e+05
1.432150000000000000e+05
2.403250000000000000e+05
1.821900000000000000e+04
2.476500000000000000e+04
2.053140000000000000e+05
1.418140000000000000e+05
2.168780000000000000e+05
1.852510000000000000e+05
2.114570000000000000e+05
7.446000000000000000e+04
2.220060000000000000e+05
9.068300000000000000e+04
7.456200000000000000e+04
2.477100000000000000e+04
2.043020000000000000e+05
2.376310000000000000e+05
1.708150000000000000e+05
8.833700000000000000e+04
1.375760000000000000e+05
1.033380000000000000e+05
1.936500000000000000e+04
2.393810000000000000e+05
1.909100000000000000e+05
2.385050000000000000e+05
1.294290000000000000e+05
3.184800000000000000e+04
1.348750000000000000e+05
2.524160000000000000e+05
1.990560000000000000e+05
1.832600000000000000e+04
9.700000000000000000e+03
5.883300000000000000e+04
2.574740000000000000e+05
9.686300000000000000e+04
2.496160000000000000e+05
1.947540000000000000e+05
9.132900000000000000e+04
1.792960000000000000e+05
1.746890000000000000e+05
2.762300000000000000e+04
1.085480000000000000e+05
3.643200000000000000e+04
2.536630000000000000e+05
2.426590000000000000e+05
2.336800000000000000e+05
5.343400000000000000e+04
2.145300000000000000e+04
6.935000000000000000e+03
5.376700000000000000e+04
1.665240000000000000e+05
1.741840000000000000e+05
6.988800000000000000e+04
1.060900000000000000e+05
2.136910000000000000e+05
1.281830000000000000e+05
2.328000000000000000e+05
2.057610000000000000e+05
6.813700000000000000e+04
1.558900000000000000e+04
1.823420000000000000e+05
9.443100000000000000e+04
2.177190000000000000e+05
3.706800000000000000e+04
2.412810000000000000e+05
1.267100000000000000e+05
1.439640000000000000e+05
1.494190000000000000e+05
1.721090000000000000e+05
6.914800000000000000e+04
8.119200000000000000e+04
2.909500000000000000e+04
2.265180000000000000e+05
1.080240000000000000e+05
1.131250000000000000e+05
2.439620000000000000e+05
1.487990000000000000e+05
8.000300000000000000e+04
3.342400000000000000e+04
2.229470000000000000e+05
4.960700000000000000e+04
3.257700000000000000e+04
2.437550000000000000e+05
1.252090000000000000e+05
1.412030000000000000e+05
2.300530000000000000e+05
2.296700000000000000e+05
1.839040000000000000e+05
7.122200000000000000e+04
1.800640000000000000e+05
2.333440000000000000e+05
2.890200000000000000e+04
2.514250000000000000e+05
9.564400000000000000e+04
8.729200000000000000e+04
1.559810000000000000e+05
1.029020000000000000e+05
1.472200000000000000e+04
1.799700000000000000e+04
1.865860000000000000e+05
2.008350000000000000e+05
1.363900000000000000e+04
2.576610000000000000e+05
5.940200000000000000e+04
1.467400000000000000e+05
2.602220000000000000e+05
1.263740000000000000e+05
6.588500000000000000e+04
1.887820000000000000e+05
2.019460000000000000e+05
2.337090000000000000e+05
1.454690000000000000e+05
2.386940000000000000e+05
1.791290000000000000e+05
9.889000000000000000e+03
5.441000000000000000e+04
7.964200000000000000e+04
1.984290000000000000e+05
1.114760000000000000e+05
1.492650000000000000e+05
2.388830000000000000e+05
5.242800000000000000e+04
1.017800000000000000e+04
2.062300000000000000e+05
1.664780000000000000e+05
2.065630000000000000e+05
2.342720000000000000e+05
5.279400000000000000e+04
2.415080000000000000e+05
1.288440000000000000e+05
1.120070000000000000e+05
8.645000000000000000e+04
9.374500000000000000e+04
9.547600000000000000e+04
1.008750000000000000e+05
2.280500000000000000e+04
2.301650000000000000e+05
8.026000000000000000e+04
2.440350000000000000e+05
1.071560000000000000e+05
1.163580000000000000e+05
1.306270000000000000e+05
2.324590000000000000e+05
2.231420000000000000e+05
1.295470000000000000e+05
1.654780000000000000e+05
6.824300000000000000e+04
2.286340000000000000e+05
2.200380000000000000e+05
1.565280000000000000e+05
1.090870000000000000e+05
1.571440000000000000e+05
6.171600000000000000e+04
2.532260000000000000e+05
2.482350000000000000e+05
9.204300000000000000e+04
5.532900000000000000e+04
7.878900000000000000e+04
3.125600000000000000e+04
1.326470000000000000e+05
8.496600000000000000e+04
1.425040000000000000e+05
4.906300000000000000e+04
2.558500000000000000e+04
7.125300000000000000e+04
1.147210000000000000e+05
1.891720000000000000e+05
6.026200000000000000e+04
1.961810000000000000e+05
7.335300000000000000e+04
1.006300000000000000e+05
3.174000000000000000e+03
1.946820000000000000e+05
5.660900000000000000e+04
1.951490000000000000e+05
3.500600000000000000e+04
1.986340000000000000e+05
1.696320000000000000e+05
2.437980000000000000e+05
1.653600000000000000e+05
3.378900000000000000e+04
1.316030000000000000e+05
1.950160000000000000e+05
1.833100000000000000e+04
4.778800000000000000e+04
9.258000000000000000e+03
8.090000000000000000e+03
2.078270000000000000e+05
1.723150000000000000e+05
1.341250000000000000e+05
1.387230000000000000e+05
7.700000000000000000e+04
5.261500000000000000e+04
4.629800000000000000e+04
7.043800000000000000e+04
1.234670000000000000e+05
1.329390000000000000e+05
1.120200000000000000e+05
1.387740000000000000e+05
2.575400000000000000e+04
5.721000000000000000e+04
9.104300000000000000e+04
2.575800000000000000e+05
1.018960000000000000e+05
1.669880000000000000e+05
2.297750000000000000e+05
2.241430000000000000e+05
3.854500000000000000e+04
1.465850000000000000e+05
1.345130000000000000e+05
1.004560000000000000e+05
3.494100000000000000e+04
2.486180000000000000e+05
1.196160000000000000e+05
2.774700000000000000e+04
6.621400000000000000e+04
2.057230000000000000e+05
1.324800000000000000e+05
4.934200000000000000e+04
1.336130000000000000e+05
3.763700000000000000e+04
1.344410000000000000e+05
2.535470000000000000e+05
2.342390000000000000e+05
1.073720000000000000e+05
1.004270000000000000e+05
1.011850000000000000e+05
1.989200000000000000e+04
2.379040000000000000e+05
4.269300000000000000e+04
1.099620000000000000e+05
1.493980000000000000e+05
2.099300000000000000e+04
1.442900000000000000e+05
1.490490000000000000e+05
1.207600000000000000e+04
2.515200000000000000e+04
7.574400000000000000e+04
1.596000000000000000e+03
1.640630000000000000e+05
2.285840000000000000e+05
1.395400000000000000e+05
5.700900000000000000e+04
1.510200000000000000e+04
1.646390000000000000e+05
2.335470000000000000e+05
2.159500000000000000e+04
3.611000000000000000e+04
4.918300000000000000e+04
1.334130000000000000e+05
8.473000000000000000e+03
1.267550000000000000e+05
3.603100000000000000e+04
1.830800000000000000e+04
5.547000000000000000e+03
1.744300000000000000e+05
1.751420000000000000e+05
1.721400000000000000e+04
7.279300000000000000e+04
1.617400000000000000e+04
8.059300000000000000e+04
7.858400000000000000e+04
4.808400000000000000e+04
9.384200000000000000e+04
6.804000000000000000e+03
1.031010000000000000e+05
2.313230000000000000e+05
1.059430000000000000e+05
1.426820000000000000e+05
1.733700000000000000e+05
2.104230000000000000e+05
3.928200000000000000e+04
1.117860000000000000e+05
1.327300000000000000e+05
4.721300000000000000e+04
1.361810000000000000e+05
1.660680000000000000e+05
1.064010000000000000e+05
1.020100000000000000e+05
1.655510000000000000e+05
7.078400000000000000e+04
5.200400000000000000e+04
2.270880000000000000e+05
1.626140000000000000e+05
1.796370000000000000e+05
1.811410000000000000e+05
1.065950000000000000e+05
1.742950000000000000e+05
2.228320000000000000e+05
4.756700000000000000e+04
2.268990000000000000e+05
1.066770000000000000e+05
1.151100000000000000e+05
1.358900000000000000e+05
2.322550000000000000e+05
8.219800000000000000e+04
4.886700000000000000e+04
5.063700000000000000e+04
1.004680000000000000e+05
1.449680000000000000e+05
1.308240000000000000e+05
1.084020000000000000e+05
2.142520000000000000e+05
1.014000000000000000e+04
1.213660000000000000e+05
1.410850000000000000e+05
1.324970000000000000e+05
